cam0:
  cam_overlaps: [1]
  camera_model: pinhole
  distortion_coeffs: [0.39966946154803484, 0.463531463471755, 144.48847522150243, -2417.061665773314]
  distortion_model: equidistant
  intrinsics: [1713.9143864069194, 1731.0495429117157, 307.32895208006624, 250.9605778429886]
  resolution: [960, 540]
  rostopic: /zed2i/zed_node/right_raw/image_raw_color
cam1:
  T_cn_cnm1:
  - [0.999674312341795, 0.001560307396821915, -0.02547223360408952, 0.13342292073582038]
  - [-0.0014405269126948669, 0.9999878228513472, 0.004720066867218397, -2.0761426428970212e-05]
  - [0.02547928818016089, -0.0046818361616607134, 0.9996643868238891, 0.004934480248516449]
  - [0.0, 0.0, 0.0, 1.0]
  cam_overlaps: [0]
  camera_model: pinhole
  distortion_coeffs: [0.20651699541056007, 0.2957692962102138, 44.9944228499361, -359.4542014801639]
  distortion_model: equidistant
  intrinsics: [1738.7909891212125, 1747.9754745146804, 366.02468479684694, 238.9106672375295]
  resolution: [960, 540]
  rostopic: /zed2i/zed_node/left_raw/image_raw_color
