cam0:
  T_cam_imu:
  - [0.20491451916597242, -0.9383621898209672, -0.27836386358394105, -0.1871957524572456]
  - [0.17218276494676943, 0.3145228428207421, -0.9335033351837827, -0.202849959743378]
  - [0.9635160275212163, 0.14335892737586797, 0.22602009346820634, 0.30889113677880975]
  - [0.0, 0.0, 0.0, 1.0]
  cam_overlaps: [1]
  camera_model: pinhole
  distortion_coeffs: [0.39966946154803484, 0.463531463471755, 144.48847522150243, -2417.061665773314]
  distortion_model: equidistant
  intrinsics: [1713.9143864069194, 1731.0495429117157, 307.32895208006624, 250.9605778429886]
  resolution: [960, 540]
  rostopic: /zed2i/zed_node/right_raw/image_raw_color
  timeshift_cam_imu: 0.013429007190913361
cam1:
  T_cam_imu:
  - [0.1805735337435404, -0.9412174966060454, -0.2854869926879675, -0.061896519862077226]
  - [0.17643334344952205, 0.3165474125408502, -0.9320241471833849, -0.2011406036960496]
  - [0.9676076034377745, 0.11792946915992608, 0.22322223471926933, 0.309902044845798]
  - [0.0, 0.0, 0.0, 1.0]
  T_cn_cnm1:
  - [0.9996743123417962, 0.0015603073968219153, -0.025472233604089525, 0.13342292073582038]
  - [-0.001440526912694867, 0.9999878228513484, 0.004720066867218399, -2.0761426428970212e-05]
  - [0.025479288180160896, -0.004681836161660715, 0.9996643868238902, 0.004934480248516449]
  - [0.0, 0.0, 0.0, 1.0]
  cam_overlaps: [0]
  camera_model: pinhole
  distortion_coeffs: [0.20651699541056007, 0.2957692962102138, 44.9944228499361, -359.4542014801639]
  distortion_model: equidistant
  intrinsics: [1738.7909891212125, 1747.9754745146804, 366.02468479684694, 238.9106672375295]
  resolution: [960, 540]
  rostopic: /zed2i/zed_node/left_raw/image_raw_color
  timeshift_cam_imu: 0.012782112373362825
